104
153
114
103
161
103
128
117
139
181
121
195
164
186
112
149
106
180
110
179
199
106
150
167
131
158
162
144
152
133
139
150
139
127
107
151
109
188
118
145
136
145
160
140
178
167
123
113
139
103
182
119
161
198
113
153
181
132
159
171
160
160
136
117
187
174
189
146
159
149
117
190
157
128
161
196
137
128
183
192
124
183
105
100
109
125
180
167
158
164
160
175
138
184
149
116
198
164
117
120
105
130
192
172
199
137
163
102
126
114
197
112
171
157
167
136
148
100
189
136
178
154
120
123
132
183
183
126
101
142
142
170
189
126
196
101
152
151
181
166
146
173
112
113
185
167
162
148
190
198
195
128
100
101
105
183
115
195
153
112
104
129
123
170
153
184
183
158
195
129
101
164
143
184
134
154
115
167
142
143
186
160
113
160
112
143
132
173
133
194
140
188
193
130
178
145
111
190
121
100
108
152
